1.432938632347722369e-02
1.421770197249621302e-02
1.430198934644949689e-02
1.430348388928193160e-02
1.377303775891484602e-02
1.357503287513821093e-02
1.316887209349194149e-02
1.175168122844994813e-02
1.111738439491446497e-02
1.187129777226710731e-02
1.212133401191229504e-02
1.255190206522073873e-02
1.253566061395946021e-02
1.250390018371143851e-02
1.232861729946664597e-02
1.238551210318102232e-02
1.226801099115486064e-02
1.222008927630613591e-02
1.211020087413319270e-02
1.201021881819047156e-02
1.204580445037100114e-02
1.208121822834020732e-02
1.149469877561532655e-02
1.049534215769994117e-02
9.645145643080742237e-03
1.052325950361442108e-02
1.097063421106880300e-02
1.147747599919110052e-02
1.144407005099560247e-02
1.148499779967334516e-02
1.122003798338047122e-02
1.124441820244874088e-02
1.068175301059855198e-02
1.132702605495749387e-02
1.062484478223994083e-02
1.142399294333300980e-02
1.133518412368011291e-02
1.126556431828921838e-02
1.099652185183643341e-02
1.002470962017055697e-02
9.438155613634870503e-03
9.589654844337998363e-03
1.028385763690400391e-02
1.083268614261544832e-02
1.071916402426163067e-02
1.077647031949330314e-02
1.102070969740100333e-02
1.043805916807779427e-02
1.075736251478592344e-02
1.071715446609050083e-02
1.033264768533104054e-02
1.081016345024884626e-02
1.053497291149422914e-02
1.032109154643546731e-02
1.045131517122217281e-02
9.629239213257914307e-03
9.155323915604756876e-03
8.569390044104901669e-03
9.307137046718597789e-03
1.001827256054635060e-02
1.014738470512925421e-02
1.033283294927811978e-02
1.039830975776281571e-02
9.786625278351099300e-03
1.042033837333885757e-02
9.707396455224158796e-03
1.035691201136419368e-02
1.059834637417286438e-02
1.112890267859100238e-02
1.129382579394490500e-02
1.143366111309212368e-02
1.101331675493893991e-02
1.036896272931763473e-02
9.551457426564694334e-03
9.791586726092491380e-03
1.079970309524796827e-02
1.094185369493515594e-02
1.105156753224391560e-02
1.100086183252527681e-02
1.109605056489626485e-02
1.084792583885250267e-02
1.042665041902049970e-02
1.024839969966393101e-02
9.843047737989251908e-03
1.004871818799191012e-02
9.959434890151870265e-03
9.789630601676006447e-03
9.546234750981659467e-03
9.156614117720939319e-03
8.517314917184095821e-03
8.209675983069941035e-03
9.018166929456094758e-03
9.283128087825061325e-03
9.442748498842058746e-03
9.632062451307203677e-03
9.551719951033542030e-03
9.428372993767190902e-03
9.638229334023895242e-03
9.277046058722931629e-03
9.649240984640414243e-03
